pixel_id,x,y,t,R,G,B,A,Gx,Gy
0,0.0,0.0,1.0,0.0,0.0,0.0,1.0,12.0,0.0
1,1.0,0.0,1.0,0.0470588235294117,0.0470588235294117,0.0470588235294117,1.0,0.0,-11.0
2,2.0,0.0,1.0,0.0,0.0,0.0,1.0,1.0,0.0
3,3.0,0.0,1.0,0.0549019607843137,0.0549019607843137,0.0549019607843137,1.0,4.5,-14.0
4,4.0,0.0,1.0,0.0352941176470588,0.0352941176470588,0.0352941176470588,1.0,-7.0,-6.0
5,5.0,0.0,1.0,0.0,0.0,0.0,1.0,-4.5,0.0
6,6.0,0.0,1.0,0.0,0.0,0.0,1.0,0.0,9.0
7,7.0,0.0,1.0,0.0,0.0,0.0,1.0,0.0,1.0
8,8.0,0.0,1.0,0.0,0.0,0.0,1.0,0.0,0.0
9,9.0,0.0,1.0,0.0,0.0,0.0,1.0,0.0,0.0
10,10.0,0.0,1.0,0.0,0.0,0.0,1.0,0.0,0.0
11,11.0,0.0,1.0,0.0,0.0,0.0,1.0,1.5,0.0
12,12.0,0.0,1.0,0.0117647058823529,0.0117647058823529,0.0117647058823529,1.0,0.0,0.0
13,13.0,0.0,1.0,0.0,0.0,0.0,1.0,2.0,7.0
14,14.0,0.0,1.0,0.0274509803921568,0.0274509803921568,0.0274509803921568,1.0,0.0,-2.0
15,15.0,0.0,1.0,0.0,0.0,0.0,1.0,-3.5,10.0
16,16.0,0.0,1.0,0.0,0.0,0.0,1.0,0.0,5.0
17,17.0,0.0,1.0,0.0,0.0,0.0,1.0,0.0,0.0
18,18.0,0.0,1.0,0.0,0.0,0.0,1.0,0.0,15.0
19,19.0,0.0,1.0,0.0,0.0,0.0,1.0,7.0,11.0
20,20.0,0.0,1.0,0.0549019607843137,0.0549019607843137,0.0549019607843137,1.0,2.0,-10.0
21,21.0,0.0,1.0,0.0156862745098039,0.0156862745098039,0.0156862745098039,1.0,-2.5,-4.0
22,22.0,0.0,1.0,0.0352941176470588,0.0352941176470588,0.0352941176470588,1.0,2.5,-3.0
23,23.0,0.0,1.0,0.0352941176470588,0.0352941176470588,0.0352941176470588,1.0,-4.5,-4.0
24,24.0,0.0,1.0,0.0,0.0,0.0,1.0,4.0,0.0
25,25.0,0.0,1.0,0.0666666666666666,0.0666666666666666,0.0666666666666666,1.0,4.0,-11.0
26,26.0,0.0,1.0,0.0313725490196078,0.0313725490196078,0.0313725490196078,1.0,-8.5,-8.0
27,27.0,0.0,1.0,0.0,0.0,0.0,1.0,-8.0,15.0
28,0.0,1.0,1.0,0.0,0.0,0.0,1.0,1.0,5.0
29,1.0,1.0,1.0,0.0039215686274509,0.0039215686274509,0.0039215686274509,1.0,0.0,-4.5
30,2.0,1.0,1.0,0.0,0.0,0.0,1.0,-0.5,0.0
31,3.0,1.0,1.0,0.0,0.0,0.0,1.0,1.5,-7.0
32,4.0,1.0,1.0,0.0117647058823529,0.0117647058823529,0.0117647058823529,1.0,0.0,2.0
33,5.0,1.0,1.0,0.0,0.0,0.0,1.0,3.0,0.0
34,6.0,1.0,1.0,0.0352941176470588,0.0352941176470588,0.0352941176470588,1.0,0.5,0.0
35,7.0,1.0,1.0,0.0039215686274509,0.0039215686274509,0.0039215686274509,1.0,-4.5,5.0
36,8.0,1.0,1.0,0.0,0.0,0.0,1.0,-0.5,0.0
37,9.0,1.0,1.0,0.0,0.0,0.0,1.0,0.0,0.0
38,10.0,1.0,1.0,0.0,0.0,0.0,1.0,0.0,0.0
39,11.0,1.0,1.0,0.0,0.0,0.0,1.0,1.5,2.0
40,12.0,1.0,1.0,0.0117647058823529,0.0117647058823529,0.0117647058823529,1.0,3.5,-1.5
41,13.0,1.0,1.0,0.0274509803921568,0.0274509803921568,0.0274509803921568,1.0,1.0,0.0
42,14.0,1.0,1.0,0.0196078431372549,0.0196078431372549,0.0196078431372549,1.0,1.5,-2.0
43,15.0,1.0,1.0,0.0392156862745098,0.0392156862745098,0.0392156862745098,1.0,0.0,0.0
44,16.0,1.0,1.0,0.0196078431372549,0.0196078431372549,0.0196078431372549,1.0,-5.0,0.0
45,17.0,1.0,1.0,0.0,0.0,0.0,1.0,5.0,0.0
46,18.0,1.0,1.0,0.0588235294117647,0.0588235294117647,0.0588235294117647,1.0,5.5,2.0
47,19.0,1.0,1.0,0.0431372549019607,0.0431372549019607,0.0431372549019607,1.0,-5.5,5.0
48,20.0,1.0,1.0,0.0156862745098039,0.0156862745098039,0.0156862745098039,1.0,-5.5,0.0
49,21.0,1.0,1.0,0.0,0.0,0.0,1.0,1.0,-2.0
50,22.0,1.0,1.0,0.0235294117647058,0.0235294117647058,0.0235294117647058,1.0,2.5,-4.5
51,23.0,1.0,1.0,0.0196078431372549,0.0196078431372549,0.0196078431372549,1.0,-3.0,-4.5
52,24.0,1.0,1.0,0.0,0.0,0.0,1.0,0.5,0.0
53,25.0,1.0,1.0,0.0235294117647058,0.0235294117647058,0.0235294117647058,1.0,0.0,-8.5
54,26.0,1.0,1.0,0.0,0.0,0.0,1.0,4.5,0.5
55,27.0,1.0,1.0,0.0588235294117647,0.0588235294117647,0.0588235294117647,1.0,15.0,0.0
56,0.0,2.0,1.0,0.0392156862745098,0.0392156862745098,0.0392156862745098,1.0,-7.0,0.0
57,1.0,2.0,1.0,0.0117647058823529,0.0117647058823529,0.0117647058823529,1.0,-5.0,0.0
58,2.0,2.0,1.0,0.0,0.0,0.0,1.0,-1.5,13.0
59,3.0,2.0,1.0,0.0,0.0,0.0,1.0,6.5,8.5
60,4.0,2.0,1.0,0.0509803921568627,0.0509803921568627,0.0509803921568627,1.0,0.0,-1.5
61,5.0,2.0,1.0,0.0,0.0,0.0,1.0,-6.5,0.0
62,6.0,2.0,1.0,0.0,0.0,0.0,1.0,5.0,-4.5
63,7.0,2.0,1.0,0.0392156862745098,0.0392156862745098,0.0392156862745098,1.0,0.0,8.5
64,8.0,2.0,1.0,0.0,0.0,0.0,1.0,-5.0,3.0
65,9.0,2.0,1.0,0.0,0.0,0.0,1.0,0.0,0.0
66,10.0,2.0,1.0,0.0,0.0,0.0,1.0,2.0,0.0
67,11.0,2.0,1.0,0.0156862745098039,0.0156862745098039,0.0156862745098039,1.0,0.0,1.5
68,12.0,2.0,1.0,0.0,0.0,0.0,1.0,-2.0,4.0
69,13.0,2.0,1.0,0.0,0.0,0.0,1.0,1.5,-3.5
70,14.0,2.0,1.0,0.0117647058823529,0.0117647058823529,0.0117647058823529,1.0,0.0,-2.5
71,15.0,2.0,1.0,0.0,0.0,0.0,1.0,-1.5,-4.5
72,16.0,2.0,1.0,0.0,0.0,0.0,1.0,0.0,-2.5
73,17.0,2.0,1.0,0.0,0.0,0.0,1.0,2.0,1.0
74,18.0,2.0,1.0,0.0156862745098039,0.0156862745098039,0.0156862745098039,1.0,5.0,-7.5
75,19.0,2.0,1.0,0.0392156862745098,0.0392156862745098,0.0392156862745098,1.0,5.0,-5.5
76,20.0,2.0,1.0,0.0549019607843137,0.0549019607843137,0.0549019607843137,1.0,-5.0,-2.0
77,21.0,2.0,1.0,0.0,0.0,0.0,1.0,-7.0,6.0
78,22.0,2.0,1.0,0.0,0.0,0.0,1.0,0.0,-3.0
79,23.0,2.0,1.0,0.0,0.0,0.0,1.0,0.0,-2.5
80,24.0,2.0,1.0,0.0,0.0,0.0,1.0,0.0,0.0
81,25.0,2.0,1.0,0.0,0.0,0.0,1.0,4.5,-3.0
82,26.0,2.0,1.0,0.0352941176470588,0.0352941176470588,0.0352941176470588,1.0,0.0,1.0
83,27.0,2.0,1.0,0.0,0.0,0.0,1.0,-9.0,-7.5
84,0.0,3.0,1.0,0.0,0.0,0.0,1.0,1.0,-1.5
85,1.0,3.0,1.0,0.0039215686274509,0.0039215686274509,0.0039215686274509,1.0,13.0,3.0
86,2.0,3.0,1.0,0.1019607843137254,0.1019607843137254,0.1019607843137254,1.0,8.0,0.0
87,3.0,3.0,1.0,0.0666666666666666,0.0666666666666666,0.0666666666666666,1.0,-13.0,0.0
88,4.0,3.0,1.0,0.0,0.0,0.0,1.0,-8.5,-4.0
89,5.0,3.0,1.0,0.0,0.0,0.0,1.0,0.0,3.0
90,6.0,3.0,1.0,0.0,0.0,0.0,1.0,9.0,2.0
91,7.0,3.0,1.0,0.0705882352941176,0.0705882352941176,0.0705882352941176,1.0,3.0,-0.5
92,8.0,3.0,1.0,0.0235294117647058,0.0235294117647058,0.0235294117647058,1.0,-9.0,3.0
93,9.0,3.0,1.0,0.0,0.0,0.0,1.0,-3.0,4.0
94,10.0,3.0,1.0,0.0,0.0,0.0,1.0,1.5,0.0
95,11.0,3.0,1.0,0.0117647058823529,0.0117647058823529,0.0117647058823529,1.0,5.5,2.0
96,12.0,3.0,1.0,0.0431372549019607,0.0431372549019607,0.0431372549019607,1.0,-1.5,0.0
97,13.0,3.0,1.0,0.0,0.0,0.0,1.0,-5.5,0.0
98,14.0,3.0,1.0,0.0,0.0,0.0,1.0,0.5,-1.5
99,15.0,3.0,1.0,0.0039215686274509,0.0039215686274509,0.0039215686274509,1.0,0.0,0.0
100,16.0,3.0,1.0,0.0,0.0,0.0,1.0,0.5,3.5
101,17.0,3.0,1.0,0.0078431372549019,0.0078431372549019,0.0078431372549019,1.0,0.0,0.0
102,18.0,3.0,1.0,0.0,0.0,0.0,1.0,-1.0,-2.0
103,19.0,3.0,1.0,0.0,0.0,0.0,1.0,0.0,-5.0
104,20.0,3.0,1.0,0.0,0.0,0.0,1.0,6.0,-3.0
105,21.0,3.0,1.0,0.0470588235294117,0.0470588235294117,0.0470588235294117,1.0,0.0,3.0
106,22.0,3.0,1.0,0.0,0.0,0.0,1.0,-6.0,2.5
107,23.0,3.0,1.0,0.0,0.0,0.0,1.0,0.0,1.5
108,24.0,3.0,1.0,0.0,0.0,0.0,1.0,0.0,0.0
109,25.0,3.0,1.0,0.0,0.0,0.0,1.0,1.0,2.0
110,26.0,3.0,1.0,0.0078431372549019,0.0078431372549019,0.0078431372549019,1.0,0.0,-4.5
111,27.0,3.0,1.0,0.0,0.0,0.0,1.0,-2.0,14.0
112,0.0,4.0,1.0,0.0274509803921568,0.0274509803921568,0.0274509803921568,1.0,2.0,0.0
113,1.0,4.0,1.0,0.0352941176470588,0.0352941176470588,0.0352941176470588,1.0,-3.5,2.0
114,2.0,4.0,1.0,0.0,0.0,0.0,1.0,-4.5,-13.0
115,3.0,4.0,1.0,0.0,0.0,0.0,1.0,2.5,-3.0
116,4.0,4.0,1.0,0.0196078431372549,0.0196078431372549,0.0196078431372549,1.0,3.0,0.0
117,5.0,4.0,1.0,0.0235294117647058,0.0235294117647058,0.0235294117647058,1.0,-0.5,1.0
118,6.0,4.0,1.0,0.0156862745098039,0.0156862745098039,0.0156862745098039,1.0,1.5,0.0
119,7.0,4.0,1.0,0.0352941176470588,0.0352941176470588,0.0352941176470588,1.0,1.0,-9.0
120,8.0,4.0,1.0,0.0235294117647058,0.0235294117647058,0.0235294117647058,1.0,-0.5,-1.0
121,9.0,4.0,1.0,0.0313725490196078,0.0313725490196078,0.0313725490196078,1.0,-3.0,0.0
122,10.0,4.0,1.0,0.0,0.0,0.0,1.0,0.0,0.0
123,11.0,4.0,1.0,0.0313725490196078,0.0313725490196078,0.0313725490196078,1.0,0.0,-0.5
124,12.0,4.0,1.0,0.0,0.0,0.0,1.0,-4.0,-1.0
125,13.0,4.0,1.0,0.0,0.0,0.0,1.0,0.0,2.0
126,14.0,4.0,1.0,0.0,0.0,0.0,1.0,0.0,0.0
127,15.0,4.0,1.0,0.0,0.0,0.0,1.0,3.5,-0.5
128,16.0,4.0,1.0,0.0274509803921568,0.0274509803921568,0.0274509803921568,1.0,0.0,0.0
129,17.0,4.0,1.0,0.0,0.0,0.0,1.0,-3.5,-1.0
130,18.0,4.0,1.0,0.0,0.0,0.0,1.0,0.0,0.0
131,19.0,4.0,1.0,0.0,0.0,0.0,1.0,4.0,0.0
132,20.0,4.0,1.0,0.0313725490196078,0.0313725490196078,0.0313725490196078,1.0,3.0,4.0
133,21.0,4.0,1.0,0.0235294117647058,0.0235294117647058,0.0235294117647058,1.0,-1.5,-6.0
134,22.0,4.0,1.0,0.0196078431372549,0.0196078431372549,0.0196078431372549,1.0,-1.5,0.0
135,23.0,4.0,1.0,0.0117647058823529,0.0117647058823529,0.0117647058823529,1.0,-2.5,0.0
136,24.0,4.0,1.0,0.0,0.0,0.0,1.0,0.5,0.0
137,25.0,4.0,1.0,0.0156862745098039,0.0156862745098039,0.0156862745098039,1.0,0.0,0.0
138,26.0,4.0,1.0,0.0,0.0,0.0,1.0,12.0,1.0
139,27.0,4.0,1.0,0.1098039215686274,0.1098039215686274,0.1098039215686274,1.0,28.0,2.0
140,0.0,5.0,1.0,0.0,0.0,0.0,1.0,5.0,-1.5
141,1.0,5.0,1.0,0.0196078431372549,0.0196078431372549,0.0196078431372549,1.0,0.0,-4.5
142,2.0,5.0,1.0,0.0,0.0,0.0,1.0,3.0,0.0
143,3.0,5.0,1.0,0.0431372549019607,0.0431372549019607,0.0431372549019607,1.0,0.0,9.5
144,4.0,5.0,1.0,0.0,0.0,0.0,1.0,-4.5,-2.5
145,5.0,5.0,1.0,0.0078431372549019,0.0078431372549019,0.0078431372549019,1.0,0.0,-2.0
146,6.0,5.0,1.0,0.0,0.0,0.0,1.0,-1.0,-1.0
147,7.0,5.0,1.0,0.0,0.0,0.0,1.0,2.0,-4.5
148,8.0,5.0,1.0,0.0156862745098039,0.0156862745098039,0.0156862745098039,1.0,0.0,-3.0
149,9.0,5.0,1.0,0.0,0.0,0.0,1.0,-2.0,-4.0
150,10.0,5.0,1.0,0.0,0.0,0.0,1.0,1.0,7.0
151,11.0,5.0,1.0,0.0078431372549019,0.0078431372549019,0.0078431372549019,1.0,4.5,-2.5
152,12.0,5.0,1.0,0.0352941176470588,0.0352941176470588,0.0352941176470588,1.0,1.0,0.5
153,13.0,5.0,1.0,0.0156862745098039,0.0156862745098039,0.0156862745098039,1.0,-4.5,8.0
154,14.0,5.0,1.0,0.0,0.0,0.0,1.0,-2.0,112.0
155,15.0,5.0,1.0,0.0,0.0,0.0,1.0,0.0,0.0
156,16.0,5.0,1.0,0.0,0.0,0.0,1.0,0.0,-1.0
157,17.0,5.0,1.0,0.0,0.0,0.0,1.0,0.0,5.5
158,18.0,5.0,1.0,0.0,0.0,0.0,1.0,0.0,1.0
159,19.0,5.0,1.0,0.0,0.0,0.0,1.0,4.0,0.5
160,20.0,5.0,1.0,0.0313725490196078,0.0313725490196078,0.0313725490196078,1.0,0.0,0.0
161,21.0,5.0,1.0,0.0,0.0,0.0,1.0,-4.0,-1.5
162,22.0,5.0,1.0,0.0,0.0,0.0,1.0,0.0,-2.5
163,23.0,5.0,1.0,0.0,0.0,0.0,1.0,0.0,10.5
164,24.0,5.0,1.0,0.0,0.0,0.0,1.0,0.0,0.0
165,25.0,5.0,1.0,0.0,0.0,0.0,1.0,2.0,-2.0
166,26.0,5.0,1.0,0.0156862745098039,0.0156862745098039,0.0156862745098039,1.0,2.0,1.0
167,27.0,5.0,1.0,0.0156862745098039,0.0156862745098039,0.0156862745098039,1.0,0.0,-14.0
168,0.0,6.0,1.0,0.0156862745098039,0.0156862745098039,0.0156862745098039,1.0,-4.0,2.0
169,1.0,6.0,1.0,0.0,0.0,0.0,1.0,-2.0,-2.5
170,2.0,6.0,1.0,0.0,0.0,0.0,1.0,9.5,0.0
171,3.0,6.0,1.0,0.0745098039215686,0.0745098039215686,0.0745098039215686,1.0,0.0,1.0
172,4.0,6.0,1.0,0.0,0.0,0.0,1.0,-8.5,6.0
173,5.0,6.0,1.0,0.0078431372549019,0.0078431372549019,0.0078431372549019,1.0,1.0,-1.0
174,6.0,6.0,1.0,0.0078431372549019,0.0078431372549019,0.0078431372549019,1.0,-1.0,0.0
175,7.0,6.0,1.0,0.0,0.0,0.0,1.0,-1.0,1.5
176,8.0,6.0,1.0,0.0,0.0,0.0,1.0,0.0,-2.0
177,9.0,6.0,1.0,0.0,0.0,0.0,1.0,7.0,3.0
178,10.0,6.0,1.0,0.0549019607843137,0.0549019607843137,0.0549019607843137,1.0,1.5,6.0
179,11.0,6.0,1.0,0.0117647058823529,0.0117647058823529,0.0117647058823529,1.0,-6.5,-1.0
180,12.0,6.0,1.0,0.0039215686274509,0.0039215686274509,0.0039215686274509,1.0,6.5,-4.5
181,13.0,6.0,1.0,0.0627450980392156,0.0627450980392156,0.0627450980392156,1.0,111.5,-2.0
182,14.0,6.0,1.0,0.8784313725490196,0.8784313725490196,0.8784313725490196,1.0,-8.0,109.0
183,15.0,6.0,1.0,0.0,0.0,0.0,1.0,-109.5,0.0
184,16.0,6.0,1.0,0.0196078431372549,0.0196078431372549,0.0196078431372549,1.0,5.5,0.0
185,17.0,6.0,1.0,0.0431372549019607,0.0431372549019607,0.0431372549019607,1.0,-1.5,0.0
186,18.0,6.0,1.0,0.0078431372549019,0.0078431372549019,0.0078431372549019,1.0,-5.0,0.0
187,19.0,6.0,1.0,0.0039215686274509,0.0039215686274509,0.0039215686274509,1.0,3.0,6.5
188,20.0,6.0,1.0,0.0313725490196078,0.0313725490196078,0.0313725490196078,1.0,1.0,-4.0
189,21.0,6.0,1.0,0.0117647058823529,0.0117647058823529,0.0117647058823529,1.0,-4.0,3.0
190,22.0,6.0,1.0,0.0,0.0,0.0,1.0,10.5,0.0
191,23.0,6.0,1.0,0.0941176470588235,0.0941176470588235,0.0941176470588235,1.0,0.0,0.0
192,24.0,6.0,1.0,0.0,0.0,0.0,1.0,-12.0,0.0
193,25.0,6.0,1.0,0.0,0.0,0.0,1.0,1.0,0.0
194,26.0,6.0,1.0,0.0078431372549019,0.0078431372549019,0.0078431372549019,1.0,0.0,-1.0
195,27.0,6.0,1.0,0.0,0.0,0.0,1.0,-2.0,-2.0
196,0.0,7.0,1.0,0.0156862745098039,0.0156862745098039,0.0156862745098039,1.0,-4.0,-2.0
197,1.0,7.0,1.0,0.0,0.0,0.0,1.0,-2.0,6.5
198,2.0,7.0,1.0,0.0,0.0,0.0,1.0,6.5,0.0
199,3.0,7.0,1.0,0.0509803921568627,0.0509803921568627,0.0509803921568627,1.0,6.0,-6.0
200,4.0,7.0,1.0,0.0470588235294117,0.0470588235294117,0.0470588235294117,1.0,-6.5,5.0
201,5.0,7.0,1.0,0.0,0.0,0.0,1.0,-6.0,0.5
202,6.0,7.0,1.0,0.0,0.0,0.0,1.0,1.5,-1.0
203,7.0,7.0,1.0,0.0117647058823529,0.0117647058823529,0.0117647058823529,1.0,0.0,4.5
204,8.0,7.0,1.0,0.0,0.0,0.0,1.0,1.5,0.0
205,9.0,7.0,1.0,0.0235294117647058,0.0235294117647058,0.0235294117647058,1.0,6.0,11.0
206,10.0,7.0,1.0,0.0470588235294117,0.0470588235294117,0.0470588235294117,1.0,-3.0,-7.0
207,11.0,7.0,1.0,0.0,0.0,0.0,1.0,-6.0,-1.5
208,12.0,7.0,1.0,0.0,0.0,0.0,1.0,0.0,-0.5
209,13.0,7.0,1.0,0.0,0.0,0.0,1.0,109.0,-8.0
210,14.0,7.0,1.0,0.8549019607843137,0.8549019607843137,0.8549019607843137,1.0,0.0,-0.5
211,15.0,7.0,1.0,0.0,0.0,0.0,1.0,-109.0,4.0
212,16.0,7.0,1.0,0.0,0.0,0.0,1.0,0.0,5.0
213,17.0,7.0,1.0,0.0,0.0,0.0,1.0,0.0,-5.5
214,18.0,7.0,1.0,0.0,0.0,0.0,1.0,6.5,-1.0
215,19.0,7.0,1.0,0.0509803921568627,0.0509803921568627,0.0509803921568627,1.0,0.0,-0.5
216,20.0,7.0,1.0,0.0,0.0,0.0,1.0,-3.5,2.0
217,21.0,7.0,1.0,0.0235294117647058,0.0235294117647058,0.0235294117647058,1.0,0.0,-1.5
218,22.0,7.0,1.0,0.0,0.0,0.0,1.0,-3.0,1.5
219,23.0,7.0,1.0,0.0,0.0,0.0,1.0,0.0,-12.0
220,24.0,7.0,1.0,0.0,0.0,0.0,1.0,0.0,0.0
221,25.0,7.0,1.0,0.0,0.0,0.0,1.0,1.0,2.0
222,26.0,7.0,1.0,0.0078431372549019,0.0078431372549019,0.0078431372549019,1.0,0.0,3.0
223,27.0,7.0,1.0,0.0,0.0,0.0,1.0,-2.0,0.0
224,0.0,8.0,1.0,0.0,0.0,0.0,1.0,13.0,-2.0
225,1.0,8.0,1.0,0.0509803921568627,0.0509803921568627,0.0509803921568627,1.0,0.0,0.0
226,2.0,8.0,1.0,0.0,0.0,0.0,1.0,-3.0,4.0
227,3.0,8.0,1.0,0.0274509803921568,0.0274509803921568,0.0274509803921568,1.0,5.0,-6.5
228,4.0,8.0,1.0,0.0392156862745098,0.0392156862745098,0.0392156862745098,1.0,-2.0,-6.0
229,5.0,8.0,1.0,0.0117647058823529,0.0117647058823529,0.0117647058823529,1.0,-5.0,0.0
230,6.0,8.0,1.0,0.0,0.0,0.0,1.0,3.0,0.0
231,7.0,8.0,1.0,0.0352941176470588,0.0352941176470588,0.0352941176470588,1.0,0.0,0.5
232,8.0,8.0,1.0,0.0,0.0,0.0,1.0,6.5,0.0
233,9.0,8.0,1.0,0.0862745098039215,0.0862745098039215,0.0862745098039215,1.0,0.0,-3.0
234,10.0,8.0,1.0,0.0,0.0,0.0,1.0,-11.0,-6.0
235,11.0,8.0,1.0,0.0,0.0,0.0,1.0,0.0,4.5
236,12.0,8.0,1.0,0.0,0.0,0.0,1.0,0.0,4.0
237,13.0,8.0,1.0,0.0,0.0,0.0,1.0,111.5,5.5
238,14.0,8.0,1.0,0.8745098039215686,0.8745098039215686,0.8745098039215686,1.0,4.0,9.0
239,15.0,8.0,1.0,0.0313725490196078,0.0313725490196078,0.0313725490196078,1.0,-104.0,0.0
240,16.0,8.0,1.0,0.0588235294117647,0.0588235294117647,0.0588235294117647,1.0,-4.0,0.0
241,17.0,8.0,1.0,0.0,0.0,0.0,1.0,-7.5,0.0
242,18.0,8.0,1.0,0.0,0.0,0.0,1.0,0.0,3.5
243,19.0,8.0,1.0,0.0,0.0,0.0,1.0,6.0,-5.0
244,20.0,8.0,1.0,0.0470588235294117,0.0470588235294117,0.0470588235294117,1.0,0.0,0.0
245,21.0,8.0,1.0,0.0,0.0,0.0,1.0,-4.5,8.0
246,22.0,8.0,1.0,0.0117647058823529,0.0117647058823529,0.0117647058823529,1.0,0.0,0.0
247,23.0,8.0,1.0,0.0,0.0,0.0,1.0,-1.5,0.0
248,24.0,8.0,1.0,0.0,0.0,0.0,1.0,2.0,0.0
249,25.0,8.0,1.0,0.0156862745098039,0.0156862745098039,0.0156862745098039,1.0,4.0,0.0
250,26.0,8.0,1.0,0.0313725490196078,0.0313725490196078,0.0313725490196078,1.0,-2.0,1.0
251,27.0,8.0,1.0,0.0,0.0,0.0,1.0,-8.0,0.0
252,0.0,9.0,1.0,0.0,0.0,0.0,1.0,0.0,0.0
253,1.0,9.0,1.0,0.0,0.0,0.0,1.0,4.0,-6.0
254,2.0,9.0,1.0,0.0313725490196078,0.0313725490196078,0.0313725490196078,1.0,0.0,3.5
255,3.0,9.0,1.0,0.0,0.0,0.0,1.0,-4.0,-2.0
256,4.0,9.0,1.0,0.0,0.0,0.0,1.0,0.0,-4.0
257,5.0,9.0,1.0,0.0,0.0,0.0,1.0,0.0,-1.5
258,6.0,9.0,1.0,0.0,0.0,0.0,1.0,2.0,0.0
259,7.0,9.0,1.0,0.0156862745098039,0.0156862745098039,0.0156862745098039,1.0,0.0,-4.5
260,8.0,9.0,1.0,0.0,0.0,0.0,1.0,-2.0,2.5
261,9.0,9.0,1.0,0.0,0.0,0.0,1.0,0.0,-11.0
262,10.0,9.0,1.0,0.0,0.0,0.0,1.0,4.5,0.0
263,11.0,9.0,1.0,0.0352941176470588,0.0352941176470588,0.0352941176470588,1.0,4.0,2.0
264,12.0,9.0,1.0,0.0313725490196078,0.0313725490196078,0.0313725490196078,1.0,1.0,6.5
265,13.0,9.0,1.0,0.0431372549019607,0.0431372549019607,0.0431372549019607,1.0,114.0,1.5
266,14.0,9.0,1.0,0.9254901960784314,0.9254901960784314,0.9254901960784314,1.0,-5.5,9.0
267,15.0,9.0,1.0,0.0,0.0,0.0,1.0,-118.0,-1.5
268,16.0,9.0,1.0,0.0,0.0,0.0,1.0,0.0,-6.5
269,17.0,9.0,1.0,0.0,0.0,0.0,1.0,3.5,0.0
270,18.0,9.0,1.0,0.0274509803921568,0.0274509803921568,0.0274509803921568,1.0,1.5,11.5
271,19.0,9.0,1.0,0.0117647058823529,0.0117647058823529,0.0117647058823529,1.0,-3.5,0.0
272,20.0,9.0,1.0,0.0,0.0,0.0,1.0,9.5,-6.0
273,21.0,9.0,1.0,0.0862745098039215,0.0862745098039215,0.0862745098039215,1.0,0.0,4.0
274,22.0,9.0,1.0,0.0,0.0,0.0,1.0,-11.0,-0.5
275,23.0,9.0,1.0,0.0,0.0,0.0,1.0,0.0,3.5
276,24.0,9.0,1.0,0.0,0.0,0.0,1.0,0.0,2.0
277,25.0,9.0,1.0,0.0,0.0,0.0,1.0,2.0,1.5
278,26.0,9.0,1.0,0.0156862745098039,0.0156862745098039,0.0156862745098039,1.0,0.0,-4.0
279,27.0,9.0,1.0,0.0,0.0,0.0,1.0,-4.0,0.0
280,0.0,10.0,1.0,0.0,0.0,0.0,1.0,1.0,0.0
281,1.0,10.0,1.0,0.0039215686274509,0.0039215686274509,0.0039215686274509,1.0,3.5,2.5
282,2.0,10.0,1.0,0.0274509803921568,0.0274509803921568,0.0274509803921568,1.0,1.0,9.0
283,3.0,10.0,1.0,0.0117647058823529,0.0117647058823529,0.0117647058823529,1.0,-2.5,7.0
284,4.0,10.0,1.0,0.0078431372549019,0.0078431372549019,0.0078431372549019,1.0,-1.5,5.0
285,5.0,10.0,1.0,0.0,0.0,0.0,1.0,-1.0,0.0
286,6.0,10.0,1.0,0.0,0.0,0.0,1.0,0.0,10.5
287,7.0,10.0,1.0,0.0,0.0,0.0,1.0,2.5,-2.0
288,8.0,10.0,1.0,0.0196078431372549,0.0196078431372549,0.0196078431372549,1.0,0.0,4.5
289,9.0,10.0,1.0,0.0,0.0,0.0,1.0,-2.5,0.0
290,10.0,10.0,1.0,0.0,0.0,0.0,1.0,2.0,5.5
291,11.0,10.0,1.0,0.0156862745098039,0.0156862745098039,0.0156862745098039,1.0,6.5,-3.0
292,12.0,10.0,1.0,0.0509803921568627,0.0509803921568627,0.0509803921568627,1.0,-0.5,-4.0
293,13.0,10.0,1.0,0.0117647058823529,0.0117647058823529,0.0117647058823529,1.0,114.0,-5.5
294,14.0,10.0,1.0,0.9450980392156862,0.9450980392156862,0.9450980392156862,1.0,1.0,1.5
295,15.0,10.0,1.0,0.0196078431372549,0.0196078431372549,0.0196078431372549,1.0,-119.5,9.5
296,16.0,10.0,1.0,0.0078431372549019,0.0078431372549019,0.0078431372549019,1.0,-2.5,0.0
297,17.0,10.0,1.0,0.0,0.0,0.0,1.0,10.5,0.0
298,18.0,10.0,1.0,0.0901960784313725,0.0901960784313725,0.0901960784313725,1.0,0.0,4.5
299,19.0,10.0,1.0,0.0,0.0,0.0,1.0,-11.5,3.0
300,20.0,10.0,1.0,0.0,0.0,0.0,1.0,4.0,0.0
301,21.0,10.0,1.0,0.0313725490196078,0.0313725490196078,0.0313725490196078,1.0,1.0,-3.0
302,22.0,10.0,1.0,0.0078431372549019,0.0078431372549019,0.0078431372549019,1.0,-0.5,1.0
303,23.0,10.0,1.0,0.0274509803921568,0.0274509803921568,0.0274509803921568,1.0,1.0,0.0
304,24.0,10.0,1.0,0.0156862745098039,0.0156862745098039,0.0156862745098039,1.0,0.0,0.0
305,25.0,10.0,1.0,0.0274509803921568,0.0274509803921568,0.0274509803921568,1.0,-2.0,0.5
306,26.0,10.0,1.0,0.0,0.0,0.0,1.0,-3.5,-2.0
307,27.0,10.0,1.0,0.0,0.0,0.0,1.0,0.0,0.0
308,0.0,11.0,1.0,0.0,0.0,0.0,1.0,5.0,5.5
309,1.0,11.0,1.0,0.0196078431372549,0.0196078431372549,0.0196078431372549,1.0,13.0,1.0
310,2.0,11.0,1.0,0.1019607843137254,0.1019607843137254,0.1019607843137254,1.0,4.5,-3.5
311,3.0,11.0,1.0,0.0549019607843137,0.0549019607843137,0.0549019607843137,1.0,-8.0,11.0
312,4.0,11.0,1.0,0.0392156862745098,0.0392156862745098,0.0392156862745098,1.0,-7.0,-1.0
313,5.0,11.0,1.0,0.0,0.0,0.0,1.0,5.5,0.0
314,6.0,11.0,1.0,0.0823529411764705,0.0823529411764705,0.0823529411764705,1.0,0.0,0.0
315,7.0,11.0,1.0,0.0,0.0,0.0,1.0,-6.0,0.5
316,8.0,11.0,1.0,0.0352941176470588,0.0352941176470588,0.0352941176470588,1.0,0.0,-2.5
317,9.0,11.0,1.0,0.0,0.0,0.0,1.0,1.0,4.5
318,10.0,11.0,1.0,0.0431372549019607,0.0431372549019607,0.0431372549019607,1.0,1.5,3.0
319,11.0,11.0,1.0,0.0117647058823529,0.0117647058823529,0.0117647058823529,1.0,-5.5,-2.0
320,12.0,11.0,1.0,0.0,0.0,0.0,1.0,-1.5,-6.5
321,13.0,11.0,1.0,0.0,0.0,0.0,1.0,119.5,61.0
322,14.0,11.0,1.0,0.9372549019607844,0.9372549019607844,0.9372549019607844,1.0,9.5,-11.5
323,15.0,11.0,1.0,0.0745098039215686,0.0745098039215686,0.0745098039215686,1.0,-119.5,-2.5
324,16.0,11.0,1.0,0.0,0.0,0.0,1.0,-9.5,2.0
325,17.0,11.0,1.0,0.0,0.0,0.0,1.0,8.0,2.0
326,18.0,11.0,1.0,0.0627450980392156,0.0627450980392156,0.0627450980392156,1.0,4.5,-8.0
327,19.0,11.0,1.0,0.0352941176470588,0.0352941176470588,0.0352941176470588,1.0,-8.0,5.0
328,20.0,11.0,1.0,0.0,0.0,0.0,1.0,3.5,0.0
329,21.0,11.0,1.0,0.0627450980392156,0.0627450980392156,0.0627450980392156,1.0,1.0,4.0
330,22.0,11.0,1.0,0.0078431372549019,0.0078431372549019,0.0078431372549019,1.0,-8.0,-1.0
331,23.0,11.0,1.0,0.0,0.0,0.0,1.0,-1.0,-3.5
332,24.0,11.0,1.0,0.0,0.0,0.0,1.0,0.5,5.5
333,25.0,11.0,1.0,0.0039215686274509,0.0039215686274509,0.0039215686274509,1.0,0.0,2.0
334,26.0,11.0,1.0,0.0,0.0,0.0,1.0,-0.5,0.0
335,27.0,11.0,1.0,0.0,0.0,0.0,1.0,0.0,0.0
336,0.0,12.0,1.0,0.0431372549019607,0.0431372549019607,0.0431372549019607,1.0,-8.0,0.0
337,1.0,12.0,1.0,0.0117647058823529,0.0117647058823529,0.0117647058823529,1.0,-5.5,-2.5
338,2.0,12.0,1.0,0.0,0.0,0.0,1.0,11.0,-11.0
339,3.0,12.0,1.0,0.0980392156862745,0.0980392156862745,0.0980392156862745,1.0,0.0,-6.5
340,4.0,12.0,1.0,0.0,0.0,0.0,1.0,-12.5,-5.0
341,5.0,12.0,1.0,0.0,0.0,0.0,1.0,0.0,0.0
342,6.0,12.0,1.0,0.0,0.0,0.0,1.0,0.5,-10.5
343,7.0,12.0,1.0,0.0039215686274509,0.0039215686274509,0.0039215686274509,1.0,0.0,6.0
344,8.0,12.0,1.0,0.0,0.0,0.0,1.0,4.0,-4.5
345,9.0,12.0,1.0,0.0352941176470588,0.0352941176470588,0.0352941176470588,1.0,3.0,0.0
346,10.0,12.0,1.0,0.0235294117647058,0.0235294117647058,0.0235294117647058,1.0,-4.5,-5.5
347,11.0,12.0,1.0,0.0,0.0,0.0,1.0,-3.0,-1.5
348,12.0,12.0,1.0,0.0,0.0,0.0,1.0,62.5,0.0
349,13.0,12.0,1.0,0.4901960784313725,0.4901960784313725,0.4901960784313725,1.0,109.0,0.0
350,14.0,12.0,1.0,0.8549019607843137,0.8549019607843137,0.8549019607843137,1.0,-62.5,-12.0
351,15.0,12.0,1.0,0.0,0.0,0.0,1.0,-106.0,-8.5
352,16.0,12.0,1.0,0.0235294117647058,0.0235294117647058,0.0235294117647058,1.0,2.0,0.0
353,17.0,12.0,1.0,0.0156862745098039,0.0156862745098039,0.0156862745098039,1.0,0.5,1.0
354,18.0,12.0,1.0,0.0274509803921568,0.0274509803921568,0.0274509803921568,1.0,3.0,-8.0
355,19.0,12.0,1.0,0.0392156862745098,0.0392156862745098,0.0392156862745098,1.0,-3.5,-4.5
356,20.0,12.0,1.0,0.0,0.0,0.0,1.0,3.0,0.0
357,21.0,12.0,1.0,0.0627450980392156,0.0627450980392156,0.0627450980392156,1.0,0.0,-8.0
358,22.0,12.0,1.0,0.0,0.0,0.0,1.0,-8.0,3.5
359,23.0,12.0,1.0,0.0,0.0,0.0,1.0,7.5,4.5
360,24.0,12.0,1.0,0.0588235294117647,0.0588235294117647,0.0588235294117647,1.0,5.5,2.5
361,25.0,12.0,1.0,0.0431372549019607,0.0431372549019607,0.0431372549019607,1.0,-7.5,7.5
362,26.0,12.0,1.0,0.0,0.0,0.0,1.0,-5.5,0.0
363,27.0,12.0,1.0,0.0,0.0,0.0,1.0,0.0,0.0
364,0.0,13.0,1.0,0.0,0.0,0.0,1.0,0.0,-3.5
365,1.0,13.0,1.0,0.0,0.0,0.0,1.0,2.0,-1.5
366,2.0,13.0,1.0,0.0156862745098039,0.0156862745098039,0.0156862745098039,1.0,0.5,0.0
367,3.0,13.0,1.0,0.0039215686274509,0.0039215686274509,0.0039215686274509,1.0,-2.0,-12.5
368,4.0,13.0,1.0,0.0,0.0,0.0,1.0,-0.5,2.5
369,5.0,13.0,1.0,0.0,0.0,0.0,1.0,0.0,6.5
370,6.0,13.0,1.0,0.0,0.0,0.0,1.0,6.0,0.5
371,7.0,13.0,1.0,0.0470588235294117,0.0470588235294117,0.0470588235294117,1.0,0.0,5.0
372,8.0,13.0,1.0,0.0,0.0,0.0,1.0,-6.0,0.0
373,9.0,13.0,1.0,0.0,0.0,0.0,1.0,0.0,2.0
374,10.0,13.0,1.0,0.0,0.0,0.0,1.0,0.0,-3.0
375,11.0,13.0,1.0,0.0,0.0,0.0,1.0,0.0,0.5
376,12.0,13.0,1.0,0.0,0.0,0.0,1.0,0.0,0.0
377,13.0,13.0,1.0,0.0,0.0,0.0,1.0,107.5,-62.5
378,14.0,13.0,1.0,0.8431372549019608,0.8431372549019608,0.8431372549019608,1.0,1.0,12.0
379,15.0,13.0,1.0,0.0078431372549019,0.0078431372549019,0.0078431372549019,1.0,-107.5,0.0
380,16.0,13.0,1.0,0.0,0.0,0.0,1.0,0.0,0.0
381,17.0,13.0,1.0,0.0078431372549019,0.0078431372549019,0.0078431372549019,1.0,0.0,-2.0
382,18.0,13.0,1.0,0.0,0.0,0.0,1.0,-1.0,-3.5
383,19.0,13.0,1.0,0.0,0.0,0.0,1.0,0.0,-5.0
384,20.0,13.0,1.0,0.0,0.0,0.0,1.0,0.0,0.0
385,21.0,13.0,1.0,0.0,0.0,0.0,1.0,4.5,-8.0
386,22.0,13.0,1.0,0.0352941176470588,0.0352941176470588,0.0352941176470588,1.0,4.5,0.0
387,23.0,13.0,1.0,0.0352941176470588,0.0352941176470588,0.0352941176470588,1.0,-2.0,0.0
388,24.0,13.0,1.0,0.0196078431372549,0.0196078431372549,0.0196078431372549,1.0,3.5,-7.5
389,25.0,13.0,1.0,0.0627450980392156,0.0627450980392156,0.0627450980392156,1.0,-2.5,-3.5
390,26.0,13.0,1.0,0.0,0.0,0.0,1.0,-8.0,0.0
391,27.0,13.0,1.0,0.0,0.0,0.0,1.0,0.0,0.0
392,0.0,14.0,1.0,0.0156862745098039,0.0156862745098039,0.0156862745098039,1.0,-4.0,2.0
393,1.0,14.0,1.0,0.0,0.0,0.0,1.0,-2.0,0.0
394,2.0,14.0,1.0,0.0,0.0,0.0,1.0,0.0,-2.0
395,3.0,14.0,1.0,0.0,0.0,0.0,1.0,2.5,-0.5
396,4.0,14.0,1.0,0.0196078431372549,0.0196078431372549,0.0196078431372549,1.0,6.5,3.0
397,5.0,14.0,1.0,0.0509803921568627,0.0509803921568627,0.0509803921568627,1.0,-2.0,11.5
398,6.0,14.0,1.0,0.0039215686274509,0.0039215686274509,0.0039215686274509,1.0,-1.0,0.0
399,7.0,14.0,1.0,0.0431372549019607,0.0431372549019607,0.0431372549019607,1.0,-0.5,-6.0
400,8.0,14.0,1.0,0.0,0.0,0.0,1.0,1.0,0.0
401,9.0,14.0,1.0,0.0509803921568627,0.0509803921568627,0.0509803921568627,1.0,0.0,0.0
402,10.0,14.0,1.0,0.0,0.0,0.0,1.0,-6.0,2.0
403,11.0,14.0,1.0,0.0039215686274509,0.0039215686274509,0.0039215686274509,1.0,0.0,0.0
404,12.0,14.0,1.0,0.0,0.0,0.0,1.0,-0.5,0.0
405,13.0,14.0,1.0,0.0,0.0,0.0,1.0,121.0,0.0
406,14.0,14.0,1.0,0.9490196078431372,0.9490196078431372,0.9490196078431372,1.0,0.0,20.0
407,15.0,14.0,1.0,0.0,0.0,0.0,1.0,-118.0,-0.5
408,16.0,14.0,1.0,0.0235294117647058,0.0235294117647058,0.0235294117647058,1.0,0.0,0.0
409,17.0,14.0,1.0,0.0,0.0,0.0,1.0,-3.0,-1.0
410,18.0,14.0,1.0,0.0,0.0,0.0,1.0,0.0,0.0
411,19.0,14.0,1.0,0.0,0.0,0.0,1.0,0.0,0.0
412,20.0,14.0,1.0,0.0,0.0,0.0,1.0,0.0,1.0
413,21.0,14.0,1.0,0.0,0.0,0.0,1.0,0.0,4.0
414,22.0,14.0,1.0,0.0,0.0,0.0,1.0,0.0,-3.5
415,23.0,14.0,1.0,0.0,0.0,0.0,1.0,0.0,-2.0
416,24.0,14.0,1.0,0.0,0.0,0.0,1.0,2.0,-1.5
417,25.0,14.0,1.0,0.0156862745098039,0.0156862745098039,0.0156862745098039,1.0,0.0,-8.0
418,26.0,14.0,1.0,0.0,0.0,0.0,1.0,-2.0,0.0
419,27.0,14.0,1.0,0.0,0.0,0.0,1.0,0.0,0.0
420,0.0,15.0,1.0,0.0156862745098039,0.0156862745098039,0.0156862745098039,1.0,-4.0,-2.0
421,1.0,15.0,1.0,0.0,0.0,0.0,1.0,-2.0,8.5
422,2.0,15.0,1.0,0.0,0.0,0.0,1.0,0.0,0.0
423,3.0,15.0,1.0,0.0,0.0,0.0,1.0,3.0,0.0
424,4.0,15.0,1.0,0.0235294117647058,0.0235294117647058,0.0235294117647058,1.0,11.5,-2.5
425,5.0,15.0,1.0,0.0901960784313725,0.0901960784313725,0.0901960784313725,1.0,-3.0,-6.5
426,6.0,15.0,1.0,0.0,0.0,0.0,1.0,-11.5,4.0
427,7.0,15.0,1.0,0.0,0.0,0.0,1.0,0.0,-4.0
428,8.0,15.0,1.0,0.0,0.0,0.0,1.0,0.0,6.5
429,9.0,15.0,1.0,0.0,0.0,0.0,1.0,2.0,-3.5
430,10.0,15.0,1.0,0.0156862745098039,0.0156862745098039,0.0156862745098039,1.0,0.0,0.0
431,11.0,15.0,1.0,0.0,0.0,0.0,1.0,-2.0,-0.5
432,12.0,15.0,1.0,0.0,0.0,0.0,1.0,0.0,1.0
433,13.0,15.0,1.0,0.0,0.0,0.0,1.0,127.5,67.5
434,14.0,15.0,1.0,1.0,1.0,1.0,1.0,0.5,3.0
435,15.0,15.0,1.0,0.0039215686274509,0.0039215686274509,0.0039215686274509,1.0,-127.5,0.0
436,16.0,15.0,1.0,0.0,0.0,0.0,1.0,-0.5,-3.0
437,17.0,15.0,1.0,0.0,0.0,0.0,1.0,0.0,0.0
438,18.0,15.0,1.0,0.0,0.0,0.0,1.0,0.0,0.0
439,19.0,15.0,1.0,0.0,0.0,0.0,1.0,1.0,0.0
440,20.0,15.0,1.0,0.0078431372549019,0.0078431372549019,0.0078431372549019,1.0,4.0,4.5
441,21.0,15.0,1.0,0.0313725490196078,0.0313725490196078,0.0313725490196078,1.0,0.0,0.0
442,22.0,15.0,1.0,0.0078431372549019,0.0078431372549019,0.0078431372549019,1.0,-1.5,0.0
443,23.0,15.0,1.0,0.0196078431372549,0.0196078431372549,0.0196078431372549,1.0,0.0,2.5
444,24.0,15.0,1.0,0.0078431372549019,0.0078431372549019,0.0078431372549019,1.0,-2.5,1.0
445,25.0,15.0,1.0,0.0,0.0,0.0,1.0,-1.0,-2.0
446,26.0,15.0,1.0,0.0,0.0,0.0,1.0,0.0,3.0
447,27.0,15.0,1.0,0.0,0.0,0.0,1.0,0.0,0.0
448,0.0,16.0,1.0,0.0,0.0,0.0,1.0,17.0,-2.0
449,1.0,16.0,1.0,0.0666666666666666,0.0666666666666666,0.0666666666666666,1.0,0.0,2.0
450,2.0,16.0,1.0,0.0,0.0,0.0,1.0,-8.5,0.0
451,3.0,16.0,1.0,0.0,0.0,0.0,1.0,0.0,0.0
452,4.0,16.0,1.0,0.0,0.0,0.0,1.0,0.0,-2.5
453,5.0,16.0,1.0,0.0,0.0,0.0,1.0,4.5,-8.0
454,6.0,16.0,1.0,0.0352941176470588,0.0352941176470588,0.0352941176470588,1.0,1.5,0.0
455,7.0,16.0,1.0,0.0117647058823529,0.0117647058823529,0.0117647058823529,1.0,2.0,2.0
456,8.0,16.0,1.0,0.0509803921568627,0.0509803921568627,0.0509803921568627,1.0,1.5,0.0
457,9.0,16.0,1.0,0.0235294117647058,0.0235294117647058,0.0235294117647058,1.0,-6.5,1.5
458,10.0,16.0,1.0,0.0,0.0,0.0,1.0,-3.0,-2.0
459,11.0,16.0,1.0,0.0,0.0,0.0,1.0,1.0,0.0
460,12.0,16.0,1.0,0.0078431372549019,0.0078431372549019,0.0078431372549019,1.0,67.5,0.0
461,13.0,16.0,1.0,0.5294117647058824,0.5294117647058824,0.5294117647058824,1.0,123.0,0.0
462,14.0,16.0,1.0,0.9725490196078432,0.9725490196078432,0.9725490196078432,1.0,-67.5,-12.5
463,15.0,16.0,1.0,0.0,0.0,0.0,1.0,-124.0,3.5
464,16.0,16.0,1.0,0.0,0.0,0.0,1.0,0.0,7.0
465,17.0,16.0,1.0,0.0,0.0,0.0,1.0,0.0,3.0
466,18.0,16.0,1.0,0.0,0.0,0.0,1.0,0.0,0.0
467,19.0,16.0,1.0,0.0,0.0,0.0,1.0,4.5,0.0
468,20.0,16.0,1.0,0.0352941176470588,0.0352941176470588,0.0352941176470588,1.0,0.0,1.5
469,21.0,16.0,1.0,0.0,0.0,0.0,1.0,-4.5,-4.0
470,22.0,16.0,1.0,0.0,0.0,0.0,1.0,2.5,5.0
471,23.0,16.0,1.0,0.0196078431372549,0.0196078431372549,0.0196078431372549,1.0,1.0,-2.5
472,24.0,16.0,1.0,0.0078431372549019,0.0078431372549019,0.0078431372549019,1.0,-2.5,-1.0
473,25.0,16.0,1.0,0.0,0.0,0.0,1.0,2.0,5.0
474,26.0,16.0,1.0,0.0235294117647058,0.0235294117647058,0.0235294117647058,1.0,0.0,0.5
475,27.0,16.0,1.0,0.0,0.0,0.0,1.0,-6.0,4.5
476,0.0,17.0,1.0,0.0,0.0,0.0,1.0,4.0,0.0
477,1.0,17.0,1.0,0.0156862745098039,0.0156862745098039,0.0156862745098039,1.0,0.0,-8.5
478,2.0,17.0,1.0,0.0,0.0,0.0,1.0,-2.0,0.5
479,3.0,17.0,1.0,0.0,0.0,0.0,1.0,0.5,0.0
480,4.0,17.0,1.0,0.0039215686274509,0.0039215686274509,0.0039215686274509,1.0,3.5,0.0
481,5.0,17.0,1.0,0.0274509803921568,0.0274509803921568,0.0274509803921568,1.0,-0.5,0.0
482,6.0,17.0,1.0,0.0,0.0,0.0,1.0,-1.5,-4.5
483,7.0,17.0,1.0,0.0156862745098039,0.0156862745098039,0.0156862745098039,1.0,0.0,5.5
484,8.0,17.0,1.0,0.0,0.0,0.0,1.0,-0.5,6.5
485,9.0,17.0,1.0,0.0117647058823529,0.0117647058823529,0.0117647058823529,1.0,0.0,3.5
486,10.0,17.0,1.0,0.0,0.0,0.0,1.0,-1.5,0.0
487,11.0,17.0,1.0,0.0,0.0,0.0,1.0,0.0,2.5
488,12.0,17.0,1.0,0.0,0.0,0.0,1.0,0.0,4.5
489,13.0,17.0,1.0,0.0,0.0,0.0,1.0,115.0,-3.5
490,14.0,17.0,1.0,0.9019607843137256,0.9019607843137256,0.9019607843137256,1.0,4.0,-25.5
491,15.0,17.0,1.0,0.0313725490196078,0.0313725490196078,0.0313725490196078,1.0,-108.0,0.0
492,16.0,17.0,1.0,0.0549019607843137,0.0549019607843137,0.0549019607843137,1.0,-1.0,0.0
493,17.0,17.0,1.0,0.0235294117647058,0.0235294117647058,0.0235294117647058,1.0,-7.0,0.0
494,18.0,17.0,1.0,0.0,0.0,0.0,1.0,-3.0,0.0
495,19.0,17.0,1.0,0.0,0.0,0.0,1.0,2.5,0.0
496,20.0,17.0,1.0,0.0196078431372549,0.0196078431372549,0.0196078431372549,1.0,0.0,-4.5
497,21.0,17.0,1.0,0.0,0.0,0.0,1.0,3.5,0.0
498,22.0,17.0,1.0,0.0470588235294117,0.0470588235294117,0.0470588235294117,1.0,0.0,0.0
499,23.0,17.0,1.0,0.0,0.0,0.0,1.0,-6.0,-2.5
500,24.0,17.0,1.0,0.0,0.0,0.0,1.0,5.0,-1.0
501,25.0,17.0,1.0,0.0392156862745098,0.0392156862745098,0.0392156862745098,1.0,0.5,0.0
502,26.0,17.0,1.0,0.0039215686274509,0.0039215686274509,0.0039215686274509,1.0,-0.5,-3.0
503,27.0,17.0,1.0,0.0352941176470588,0.0352941176470588,0.0352941176470588,1.0,8.0,6.5
504,0.0,18.0,1.0,0.0,0.0,0.0,1.0,0.0,2.0
505,1.0,18.0,1.0,0.0,0.0,0.0,1.0,0.5,-1.0
506,2.0,18.0,1.0,0.0039215686274509,0.0039215686274509,0.0039215686274509,1.0,0.0,0.0
507,3.0,18.0,1.0,0.0,0.0,0.0,1.0,-0.5,1.0
508,4.0,18.0,1.0,0.0,0.0,0.0,1.0,0.0,3.5
509,5.0,18.0,1.0,0.0,0.0,0.0,1.0,0.0,-2.0
510,6.0,18.0,1.0,0.0,0.0,0.0,1.0,7.0,0.0
511,7.0,18.0,1.0,0.0549019607843137,0.0549019607843137,0.0549019607843137,1.0,13.0,8.0
512,8.0,18.0,1.0,0.1019607843137254,0.1019607843137254,0.1019607843137254,1.0,-0.5,0.0
513,9.0,18.0,1.0,0.0509803921568627,0.0509803921568627,0.0509803921568627,1.0,-13.0,-0.5
514,10.0,18.0,1.0,0.0,0.0,0.0,1.0,-4.0,0.0
515,11.0,18.0,1.0,0.0196078431372549,0.0196078431372549,0.0196078431372549,1.0,5.5,5.5
516,12.0,18.0,1.0,0.0431372549019607,0.0431372549019607,0.0431372549019607,1.0,61.5,0.0
517,13.0,18.0,1.0,0.5019607843137255,0.5019607843137255,0.5019607843137255,1.0,93.0,7.0
518,14.0,18.0,1.0,0.7725490196078432,0.7725490196078432,0.7725490196078432,1.0,-64.0,1.5
519,15.0,18.0,1.0,0.0,0.0,0.0,1.0,-98.5,-4.0
520,16.0,18.0,1.0,0.0,0.0,0.0,1.0,0.0,-6.5
521,17.0,18.0,1.0,0.0,0.0,0.0,1.0,0.0,-1.0
522,18.0,18.0,1.0,0.0,0.0,0.0,1.0,0.0,0.0
523,19.0,18.0,1.0,0.0,0.0,0.0,1.0,0.0,0.0
524,20.0,18.0,1.0,0.0,0.0,0.0,1.0,0.0,-2.5
525,21.0,18.0,1.0,0.0,0.0,0.0,1.0,0.0,0.0
526,22.0,18.0,1.0,0.0,0.0,0.0,1.0,0.0,-6.0
527,23.0,18.0,1.0,0.0,0.0,0.0,1.0,0.0,0.0
528,24.0,18.0,1.0,0.0,0.0,0.0,1.0,0.0,0.0
529,25.0,18.0,1.0,0.0,0.0,0.0,1.0,0.0,-5.0
530,26.0,18.0,1.0,0.0,0.0,0.0,1.0,6.5,-0.5
531,27.0,18.0,1.0,0.0509803921568627,0.0509803921568627,0.0509803921568627,1.0,13.0,-4.5
532,0.0,19.0,1.0,0.0156862745098039,0.0156862745098039,0.0156862745098039,1.0,-2.0,0.0
533,1.0,19.0,1.0,0.0078431372549019,0.0078431372549019,0.0078431372549019,1.0,-2.0,6.5
534,2.0,19.0,1.0,0.0,0.0,0.0,1.0,0.0,2.0
535,3.0,19.0,1.0,0.0078431372549019,0.0078431372549019,0.0078431372549019,1.0,4.0,0.0
536,4.0,19.0,1.0,0.0313725490196078,0.0313725490196078,0.0313725490196078,1.0,0.5,0.5
537,5.0,19.0,1.0,0.0117647058823529,0.0117647058823529,0.0117647058823529,1.0,-4.0,0.0
538,6.0,19.0,1.0,0.0,0.0,0.0,1.0,8.5,0.0
539,7.0,19.0,1.0,0.0784313725490196,0.0784313725490196,0.0784313725490196,1.0,0.0,-2.0
540,8.0,19.0,1.0,0.0,0.0,0.0,1.0,-9.0,-9.5
541,9.0,19.0,1.0,0.0078431372549019,0.0078431372549019,0.0078431372549019,1.0,0.0,2.5
542,10.0,19.0,1.0,0.0,0.0,0.0,1.0,4.5,0.0
543,11.0,19.0,1.0,0.0431372549019607,0.0431372549019607,0.0431372549019607,1.0,0.0,4.0
544,12.0,19.0,1.0,0.0,0.0,0.0,1.0,1.5,-4.0
545,13.0,19.0,1.0,0.0549019607843137,0.0549019607843137,0.0549019607843137,1.0,116.5,-4.0
546,14.0,19.0,1.0,0.9137254901960784,0.9137254901960784,0.9137254901960784,1.0,-7.0,2.0
547,15.0,19.0,1.0,0.0,0.0,0.0,1.0,-116.0,0.0
548,16.0,19.0,1.0,0.0039215686274509,0.0039215686274509,0.0039215686274509,1.0,2.0,11.5
549,17.0,19.0,1.0,0.0156862745098039,0.0156862745098039,0.0156862745098039,1.0,-0.5,0.0
550,18.0,19.0,1.0,0.0,0.0,0.0,1.0,-2.0,11.0
551,19.0,19.0,1.0,0.0,0.0,0.0,1.0,0.0,0.0
552,20.0,19.0,1.0,0.0,0.0,0.0,1.0,0.0,2.5
553,21.0,19.0,1.0,0.0,0.0,0.0,1.0,0.0,0.0
554,22.0,19.0,1.0,0.0,0.0,0.0,1.0,0.0,3.5
555,23.0,19.0,1.0,0.0,0.0,0.0,1.0,0.0,0.0
556,24.0,19.0,1.0,0.0,0.0,0.0,1.0,0.0,0.0
557,25.0,19.0,1.0,0.0,0.0,0.0,1.0,0.0,0.0
558,26.0,19.0,1.0,0.0,0.0,0.0,1.0,0.0,0.0
559,27.0,19.0,1.0,0.0,0.0,0.0,1.0,0.0,-3.5
560,0.0,20.0,1.0,0.0,0.0,0.0,1.0,13.0,0.0
561,1.0,20.0,1.0,0.0509803921568627,0.0509803921568627,0.0509803921568627,1.0,2.5,-1.0
562,2.0,20.0,1.0,0.0196078431372549,0.0196078431372549,0.0196078431372549,1.0,-6.5,0.0
563,3.0,20.0,1.0,0.0,0.0,0.0,1.0,-2.0,-1.0
564,4.0,20.0,1.0,0.0039215686274509,0.0039215686274509,0.0039215686274509,1.0,0.0,-4.0
565,5.0,20.0,1.0,0.0,0.0,0.0,1.0,-0.5,0.0
566,6.0,20.0,1.0,0.0,0.0,0.0,1.0,5.0,2.5
567,7.0,20.0,1.0,0.0392156862745098,0.0392156862745098,0.0392156862745098,1.0,3.5,-9.0
568,8.0,20.0,1.0,0.0274509803921568,0.0274509803921568,0.0274509803921568,1.0,4.0,0.0
569,9.0,20.0,1.0,0.0705882352941176,0.0705882352941176,0.0705882352941176,1.0,-3.5,0.0
570,10.0,20.0,1.0,0.0,0.0,0.0,1.0,-2.5,2.5
571,11.0,20.0,1.0,0.0509803921568627,0.0509803921568627,0.0509803921568627,1.0,1.5,-5.5
572,12.0,20.0,1.0,0.0117647058823529,0.0117647058823529,0.0117647058823529,1.0,53.5,4.5
573,13.0,20.0,1.0,0.4705882352941176,0.4705882352941176,0.4705882352941176,1.0,99.0,-7.0
574,14.0,20.0,1.0,0.788235294117647,0.788235294117647,0.788235294117647,1.0,-60.0,-10.0
575,15.0,20.0,1.0,0.0,0.0,0.0,1.0,-89.0,0.0
576,16.0,20.0,1.0,0.0901960784313725,0.0901960784313725,0.0901960784313725,1.0,0.0,-0.5
577,17.0,20.0,1.0,0.0,0.0,0.0,1.0,-0.5,6.0
578,18.0,20.0,1.0,0.0862745098039215,0.0862745098039215,0.0862745098039215,1.0,0.0,1.5
579,19.0,20.0,1.0,0.0,0.0,0.0,1.0,-8.5,6.0
580,20.0,20.0,1.0,0.0196078431372549,0.0196078431372549,0.0196078431372549,1.0,0.0,5.5
581,21.0,20.0,1.0,0.0,0.0,0.0,1.0,1.0,6.0
582,22.0,20.0,1.0,0.0274509803921568,0.0274509803921568,0.0274509803921568,1.0,0.0,0.0
583,23.0,20.0,1.0,0.0,0.0,0.0,1.0,-3.5,0.0
584,24.0,20.0,1.0,0.0,0.0,0.0,1.0,0.0,0.0
585,25.0,20.0,1.0,0.0,0.0,0.0,1.0,0.0,0.0
586,26.0,20.0,1.0,0.0,0.0,0.0,1.0,3.0,0.0
587,27.0,20.0,1.0,0.0235294117647058,0.0235294117647058,0.0235294117647058,1.0,6.0,10.0
588,0.0,21.0,1.0,0.0156862745098039,0.0156862745098039,0.0156862745098039,1.0,-4.0,5.5
589,1.0,21.0,1.0,0.0,0.0,0.0,1.0,-2.0,-6.5
590,2.0,21.0,1.0,0.0,0.0,0.0,1.0,0.0,-1.5
591,3.0,21.0,1.0,0.0,0.0,0.0,1.0,0.0,1.0
592,4.0,21.0,1.0,0.0,0.0,0.0,1.0,1.5,-0.5
593,5.0,21.0,1.0,0.0117647058823529,0.0117647058823529,0.0117647058823529,1.0,2.5,0.0
594,6.0,21.0,1.0,0.0196078431372549,0.0196078431372549,0.0196078431372549,1.0,-0.5,0.0
595,7.0,21.0,1.0,0.0078431372549019,0.0078431372549019,0.0078431372549019,1.0,-2.5,-5.0
596,8.0,21.0,1.0,0.0,0.0,0.0,1.0,0.0,-3.5
597,9.0,21.0,1.0,0.0078431372549019,0.0078431372549019,0.0078431372549019,1.0,2.5,-9.0
598,10.0,21.0,1.0,0.0196078431372549,0.0196078431372549,0.0196078431372549,1.0,-1.0,0.0
599,11.0,21.0,1.0,0.0,0.0,0.0,1.0,2.0,-6.5
600,12.0,21.0,1.0,0.0352941176470588,0.0352941176470588,0.0352941176470588,1.0,0.0,1.5
601,13.0,21.0,1.0,0.0,0.0,0.0,1.0,102.0,-60.0
602,14.0,21.0,1.0,0.8352941176470589,0.8352941176470589,0.8352941176470589,1.0,0.0,-95.5
603,15.0,21.0,1.0,0.0,0.0,0.0,1.0,-106.5,5.5
604,16.0,21.0,1.0,0.0,0.0,0.0,1.0,8.0,-7.0
605,17.0,21.0,1.0,0.0627450980392156,0.0627450980392156,0.0627450980392156,1.0,1.5,2.5
606,18.0,21.0,1.0,0.0117647058823529,0.0117647058823529,0.0117647058823529,1.0,-2.0,-11.0
607,19.0,21.0,1.0,0.0470588235294117,0.0470588235294117,0.0470588235294117,1.0,4.0,0.0
608,20.0,21.0,1.0,0.0431372549019607,0.0431372549019607,0.0431372549019607,1.0,0.0,-2.5
609,21.0,21.0,1.0,0.0470588235294117,0.0470588235294117,0.0470588235294117,1.0,-5.5,0.0
610,22.0,21.0,1.0,0.0,0.0,0.0,1.0,-6.0,1.5
611,23.0,21.0,1.0,0.0,0.0,0.0,1.0,0.0,0.0
612,24.0,21.0,1.0,0.0,0.0,0.0,1.0,0.0,0.0
613,25.0,21.0,1.0,0.0,0.0,0.0,1.0,0.0,1.0
614,26.0,21.0,1.0,0.0,0.0,0.0,1.0,10.0,2.5
615,27.0,21.0,1.0,0.0784313725490196,0.0784313725490196,0.0784313725490196,1.0,20.0,-1.0
616,0.0,22.0,1.0,0.0431372549019607,0.0431372549019607,0.0431372549019607,1.0,-11.0,2.5
617,1.0,22.0,1.0,0.0,0.0,0.0,1.0,-4.5,3.5
618,2.0,22.0,1.0,0.0078431372549019,0.0078431372549019,0.0078431372549019,1.0,1.0,0.0
619,3.0,22.0,1.0,0.0078431372549019,0.0078431372549019,0.0078431372549019,1.0,-1.0,0.0
620,4.0,22.0,1.0,0.0,0.0,0.0,1.0,-1.0,4.0
621,5.0,22.0,1.0,0.0,0.0,0.0,1.0,0.0,0.5
622,6.0,22.0,1.0,0.0,0.0,0.0,1.0,0.0,-2.5
623,7.0,22.0,1.0,0.0,0.0,0.0,1.0,0.0,-1.0
624,8.0,22.0,1.0,0.0,0.0,0.0,1.0,0.0,4.5
625,9.0,22.0,1.0,0.0,0.0,0.0,1.0,0.0,-1.0
626,10.0,22.0,1.0,0.0,0.0,0.0,1.0,0.0,2.5
627,11.0,22.0,1.0,0.0,0.0,0.0,1.0,3.0,0.0
628,12.0,22.0,1.0,0.0235294117647058,0.0235294117647058,0.0235294117647058,1.0,0.0,-4.5
629,13.0,22.0,1.0,0.0,0.0,0.0,1.0,2.0,0.0
630,14.0,22.0,1.0,0.0392156862745098,0.0392156862745098,0.0392156862745098,1.0,5.5,-98.0
631,15.0,22.0,1.0,0.0431372549019607,0.0431372549019607,0.0431372549019607,1.0,-0.5,5.5
632,16.0,22.0,1.0,0.0352941176470588,0.0352941176470588,0.0352941176470588,1.0,-3.0,0.0
633,17.0,22.0,1.0,0.0196078431372549,0.0196078431372549,0.0196078431372549,1.0,-4.5,-3.5
634,18.0,22.0,1.0,0.0,0.0,0.0,1.0,-2.5,-1.5
635,19.0,22.0,1.0,0.0,0.0,0.0,1.0,0.0,-4.0
636,20.0,22.0,1.0,0.0,0.0,0.0,1.0,0.0,2.0
637,21.0,22.0,1.0,0.0,0.0,0.0,1.0,5.0,-6.0
638,22.0,22.0,1.0,0.0392156862745098,0.0392156862745098,0.0392156862745098,1.0,0.0,5.0
639,23.0,22.0,1.0,0.0,0.0,0.0,1.0,-5.0,2.0
640,24.0,22.0,1.0,0.0,0.0,0.0,1.0,1.0,3.5
641,25.0,22.0,1.0,0.0078431372549019,0.0078431372549019,0.0078431372549019,1.0,2.5,0.0
642,26.0,22.0,1.0,0.0196078431372549,0.0196078431372549,0.0196078431372549,1.0,1.0,1.5
643,27.0,22.0,1.0,0.0156862745098039,0.0156862745098039,0.0156862745098039,1.0,-1.0,-6.0
644,0.0,23.0,1.0,0.0352941176470588,0.0352941176470588,0.0352941176470588,1.0,-2.0,-5.5
645,1.0,23.0,1.0,0.0274509803921568,0.0274509803921568,0.0274509803921568,1.0,-4.5,0.0
646,2.0,23.0,1.0,0.0,0.0,0.0,1.0,-3.5,4.5
647,3.0,23.0,1.0,0.0,0.0,0.0,1.0,4.0,4.0
648,4.0,23.0,1.0,0.0313725490196078,0.0313725490196078,0.0313725490196078,1.0,2.0,0.0
649,5.0,23.0,1.0,0.0156862745098039,0.0156862745098039,0.0156862745098039,1.0,-4.0,0.5
650,6.0,23.0,1.0,0.0,0.0,0.0,1.0,-2.0,3.0
651,7.0,23.0,1.0,0.0,0.0,0.0,1.0,4.5,0.0
652,8.0,23.0,1.0,0.0352941176470588,0.0352941176470588,0.0352941176470588,1.0,0.0,8.0
653,9.0,23.0,1.0,0.0,0.0,0.0,1.0,0.5,3.5
654,10.0,23.0,1.0,0.0392156862745098,0.0392156862745098,0.0392156862745098,1.0,0.0,0.0
655,11.0,23.0,1.0,0.0,0.0,0.0,1.0,-5.0,0.0
656,12.0,23.0,1.0,0.0,0.0,0.0,1.0,0.0,-3.0
657,13.0,23.0,1.0,0.0,0.0,0.0,1.0,8.5,0.0
658,14.0,23.0,1.0,0.0666666666666666,0.0666666666666666,0.0666666666666666,1.0,5.5,-5.0
659,15.0,23.0,1.0,0.0431372549019607,0.0431372549019607,0.0431372549019607,1.0,-8.5,-3.5
660,16.0,23.0,1.0,0.0,0.0,0.0,1.0,-1.0,-4.5
661,17.0,23.0,1.0,0.0352941176470588,0.0352941176470588,0.0352941176470588,1.0,0.0,0.5
662,18.0,23.0,1.0,0.0,0.0,0.0,1.0,-2.5,0.5
663,19.0,23.0,1.0,0.0156862745098039,0.0156862745098039,0.0156862745098039,1.0,7.5,0.0
664,20.0,23.0,1.0,0.0588235294117647,0.0588235294117647,0.0588235294117647,1.0,-2.0,6.5
665,21.0,23.0,1.0,0.0,0.0,0.0,1.0,-2.5,0.0
666,22.0,23.0,1.0,0.0392156862745098,0.0392156862745098,0.0392156862745098,1.0,2.0,-2.0
667,23.0,23.0,1.0,0.0156862745098039,0.0156862745098039,0.0156862745098039,1.0,-1.5,2.0
668,24.0,23.0,1.0,0.0274509803921568,0.0274509803921568,0.0274509803921568,1.0,-2.0,1.0
669,25.0,23.0,1.0,0.0,0.0,0.0,1.0,-2.0,-1.0
670,26.0,23.0,1.0,0.0117647058823529,0.0117647058823529,0.0117647058823529,1.0,4.0,-2.5
671,27.0,23.0,1.0,0.0313725490196078,0.0313725490196078,0.0313725490196078,1.0,5.0,-2.0
672,0.0,24.0,1.0,0.0,0.0,0.0,1.0,0.0,1.0
673,1.0,24.0,1.0,0.0,0.0,0.0,1.0,5.5,-3.5
674,2.0,24.0,1.0,0.0431372549019607,0.0431372549019607,0.0431372549019607,1.0,5.0,0.0
675,3.0,24.0,1.0,0.0392156862745098,0.0392156862745098,0.0392156862745098,1.0,-5.5,0.0
676,4.0,24.0,1.0,0.0,0.0,0.0,1.0,-4.5,1.5
677,5.0,24.0,1.0,0.0039215686274509,0.0039215686274509,0.0039215686274509,1.0,3.0,-0.5
678,6.0,24.0,1.0,0.0235294117647058,0.0235294117647058,0.0235294117647058,1.0,-0.5,0.0
679,7.0,24.0,1.0,0.0,0.0,0.0,1.0,5.0,0.0
680,8.0,24.0,1.0,0.0627450980392156,0.0627450980392156,0.0627450980392156,1.0,3.5,-4.0
681,9.0,24.0,1.0,0.0274509803921568,0.0274509803921568,0.0274509803921568,1.0,-8.0,0.0
682,10.0,24.0,1.0,0.0,0.0,0.0,1.0,-3.5,-4.5
683,11.0,24.0,1.0,0.0,0.0,0.0,1.0,0.0,10.0
684,12.0,24.0,1.0,0.0,0.0,0.0,1.0,0.0,5.0
685,13.0,24.0,1.0,0.0,0.0,0.0,1.0,0.0,0.0
686,14.0,24.0,1.0,0.0,0.0,0.0,1.0,2.0,-8.5
687,15.0,24.0,1.0,0.0156862745098039,0.0156862745098039,0.0156862745098039,1.0,0.0,-5.5
688,16.0,24.0,1.0,0.0,0.0,0.0,1.0,1.0,4.0
689,17.0,24.0,1.0,0.0235294117647058,0.0235294117647058,0.0235294117647058,1.0,0.5,0.5
690,18.0,24.0,1.0,0.0039215686274509,0.0039215686274509,0.0039215686274509,1.0,-3.0,0.0
691,19.0,24.0,1.0,0.0,0.0,0.0,1.0,6.0,2.5
692,20.0,24.0,1.0,0.0509803921568627,0.0509803921568627,0.0509803921568627,1.0,0.0,-2.5
693,21.0,24.0,1.0,0.0,0.0,0.0,1.0,-3.5,0.0
694,22.0,24.0,1.0,0.0235294117647058,0.0235294117647058,0.0235294117647058,1.0,2.0,1.0
695,23.0,24.0,1.0,0.0156862745098039,0.0156862745098039,0.0156862745098039,1.0,-2.0,-2.0
696,24.0,24.0,1.0,0.0078431372549019,0.0078431372549019,0.0078431372549019,1.0,-2.0,2.5
697,25.0,24.0,1.0,0.0,0.0,0.0,1.0,-1.0,1.5
698,26.0,24.0,1.0,0.0,0.0,0.0,1.0,0.0,2.5
699,27.0,24.0,1.0,0.0,0.0,0.0,1.0,0.0,-4.0
700,0.0,25.0,1.0,0.0431372549019607,0.0431372549019607,0.0431372549019607,1.0,-11.0,2.5
701,1.0,25.0,1.0,0.0,0.0,0.0,1.0,-5.5,0.0
702,2.0,25.0,1.0,0.0,0.0,0.0,1.0,0.0,-5.5
703,3.0,25.0,1.0,0.0,0.0,0.0,1.0,5.5,-5.0
704,4.0,25.0,1.0,0.0431372549019607,0.0431372549019607,0.0431372549019607,1.0,1.5,0.0
705,5.0,25.0,1.0,0.0117647058823529,0.0117647058823529,0.0117647058823529,1.0,-5.5,3.5
706,6.0,25.0,1.0,0.0,0.0,0.0,1.0,-1.5,-3.0
707,7.0,25.0,1.0,0.0,0.0,0.0,1.0,0.5,0.0
708,8.0,25.0,1.0,0.0039215686274509,0.0039215686274509,0.0039215686274509,1.0,0.0,-8.0
709,9.0,25.0,1.0,0.0,0.0,0.0,1.0,0.0,2.5
710,10.0,25.0,1.0,0.0039215686274509,0.0039215686274509,0.0039215686274509,1.0,10.0,6.0
711,11.0,25.0,1.0,0.0784313725490196,0.0784313725490196,0.0784313725490196,1.0,4.5,5.0
712,12.0,25.0,1.0,0.0392156862745098,0.0392156862745098,0.0392156862745098,1.0,-10.0,2.5
713,13.0,25.0,1.0,0.0,0.0,0.0,1.0,-5.0,0.0
714,14.0,25.0,1.0,0.0,0.0,0.0,1.0,0.0,0.0
715,15.0,25.0,1.0,0.0,0.0,0.0,1.0,4.0,-2.0
716,16.0,25.0,1.0,0.0313725490196078,0.0313725490196078,0.0313725490196078,1.0,5.0,0.0
717,17.0,25.0,1.0,0.0392156862745098,0.0392156862745098,0.0392156862745098,1.0,-4.0,-3.0
718,18.0,25.0,1.0,0.0,0.0,0.0,1.0,-0.5,3.0
719,19.0,25.0,1.0,0.0352941176470588,0.0352941176470588,0.0352941176470588,1.0,5.0,0.0
720,20.0,25.0,1.0,0.0392156862745098,0.0392156862745098,0.0392156862745098,1.0,-4.5,-3.0
721,21.0,25.0,1.0,0.0,0.0,0.0,1.0,1.0,6.5
722,22.0,25.0,1.0,0.0470588235294117,0.0470588235294117,0.0470588235294117,1.0,0.0,-3.0
723,23.0,25.0,1.0,0.0,0.0,0.0,1.0,0.0,-1.5
724,24.0,25.0,1.0,0.0470588235294117,0.0470588235294117,0.0470588235294117,1.0,1.5,-1.0
725,25.0,25.0,1.0,0.0117647058823529,0.0117647058823529,0.0117647058823529,1.0,-2.0,0.0
726,26.0,25.0,1.0,0.0313725490196078,0.0313725490196078,0.0313725490196078,1.0,-1.5,1.5
727,27.0,25.0,1.0,0.0,0.0,0.0,1.0,-8.0,0.0
728,0.0,26.0,1.0,0.0196078431372549,0.0196078431372549,0.0196078431372549,1.0,-5.0,-5.5
729,1.0,26.0,1.0,0.0,0.0,0.0,1.0,-2.5,0.0
730,2.0,26.0,1.0,0.0,0.0,0.0,1.0,0.0,0.0
731,3.0,26.0,1.0,0.0,0.0,0.0,1.0,0.0,0.0
732,4.0,26.0,1.0,0.0,0.0,0.0,1.0,4.0,-5.5
733,5.0,26.0,1.0,0.0313725490196078,0.0313725490196078,0.0313725490196078,1.0,0.0,0.0
734,6.0,26.0,1.0,0.0,0.0,0.0,1.0,-4.0,4.0
735,7.0,26.0,1.0,0.0,0.0,0.0,1.0,0.0,5.5
736,8.0,26.0,1.0,0.0,0.0,0.0,1.0,6.0,7.0
737,9.0,26.0,1.0,0.0470588235294117,0.0470588235294117,0.0470588235294117,1.0,6.0,0.0
738,10.0,26.0,1.0,0.0470588235294117,0.0470588235294117,0.0470588235294117,1.0,-1.0,-0.5
739,11.0,26.0,1.0,0.0392156862745098,0.0392156862745098,0.0392156862745098,1.0,-3.5,0.5
740,12.0,26.0,1.0,0.0196078431372549,0.0196078431372549,0.0196078431372549,1.0,-5.0,-5.0
741,13.0,26.0,1.0,0.0,0.0,0.0,1.0,-2.5,0.0
742,14.0,26.0,1.0,0.0,0.0,0.0,1.0,0.0,5.0
743,15.0,26.0,1.0,0.0,0.0,0.0,1.0,0.0,0.0
744,16.0,26.0,1.0,0.0,0.0,0.0,1.0,0.0,-4.0
745,17.0,26.0,1.0,0.0,0.0,0.0,1.0,3.5,-5.0
746,18.0,26.0,1.0,0.0274509803921568,0.0274509803921568,0.0274509803921568,1.0,0.0,4.5
747,19.0,26.0,1.0,0.0,0.0,0.0,1.0,0.0,-4.5
748,20.0,26.0,1.0,0.0274509803921568,0.0274509803921568,0.0274509803921568,1.0,6.5,-5.0
749,21.0,26.0,1.0,0.0509803921568627,0.0509803921568627,0.0509803921568627,1.0,-3.5,11.0
750,22.0,26.0,1.0,0.0,0.0,0.0,1.0,-6.0,-6.0
751,23.0,26.0,1.0,0.0039215686274509,0.0039215686274509,0.0039215686274509,1.0,0.0,2.5
752,24.0,26.0,1.0,0.0,0.0,0.0,1.0,-0.5,-6.0
753,25.0,26.0,1.0,0.0,0.0,0.0,1.0,1.5,-1.5
754,26.0,26.0,1.0,0.0117647058823529,0.0117647058823529,0.0117647058823529,1.0,0.0,-4.0
755,27.0,26.0,1.0,0.0,0.0,0.0,1.0,-3.0,1.0
756,0.0,27.0,1.0,0.0,0.0,0.0,1.0,0.0,-5.0
757,1.0,27.0,1.0,0.0,0.0,0.0,1.0,0.0,0.0
758,2.0,27.0,1.0,0.0,0.0,0.0,1.0,0.0,0.0
759,3.0,27.0,1.0,0.0,0.0,0.0,1.0,0.0,0.0
760,4.0,27.0,1.0,0.0,0.0,0.0,1.0,1.5,0.0
761,5.0,27.0,1.0,0.0117647058823529,0.0117647058823529,0.0117647058823529,1.0,4.0,-5.0
762,6.0,27.0,1.0,0.0313725490196078,0.0313725490196078,0.0313725490196078,1.0,4.0,8.0
763,7.0,27.0,1.0,0.0431372549019607,0.0431372549019607,0.0431372549019607,1.0,3.5,11.0
764,8.0,27.0,1.0,0.0588235294117647,0.0588235294117647,0.0588235294117647,1.0,-5.5,15.0
765,9.0,27.0,1.0,0.0,0.0,0.0,1.0,-7.5,-12.0
766,10.0,27.0,1.0,0.0,0.0,0.0,1.0,10.5,-12.0
767,11.0,27.0,1.0,0.0823529411764705,0.0823529411764705,0.0823529411764705,1.0,0.0,11.0
768,12.0,27.0,1.0,0.0,0.0,0.0,1.0,-10.5,-5.0
769,13.0,27.0,1.0,0.0,0.0,0.0,1.0,5.0,0.0
770,14.0,27.0,1.0,0.0392156862745098,0.0392156862745098,0.0392156862745098,1.0,0.0,10.0
771,15.0,27.0,1.0,0.0,0.0,0.0,1.0,-5.0,0.0
772,16.0,27.0,1.0,0.0,0.0,0.0,1.0,0.0,0.0
773,17.0,27.0,1.0,0.0,0.0,0.0,1.0,4.5,0.0
774,18.0,27.0,1.0,0.0352941176470588,0.0352941176470588,0.0352941176470588,1.0,0.0,2.0
775,19.0,27.0,1.0,0.0,0.0,0.0,1.0,-4.5,0.0
776,20.0,27.0,1.0,0.0,0.0,0.0,1.0,11.0,-7.0
777,21.0,27.0,1.0,0.0862745098039215,0.0862745098039215,0.0862745098039215,1.0,0.0,9.0
778,22.0,27.0,1.0,0.0,0.0,0.0,1.0,-8.5,0.0
779,23.0,27.0,1.0,0.0196078431372549,0.0196078431372549,0.0196078431372549,1.0,0.0,4.0
780,24.0,27.0,1.0,0.0,0.0,0.0,1.0,-2.5,0.0
781,25.0,27.0,1.0,0.0,0.0,0.0,1.0,0.0,0.0
782,26.0,27.0,1.0,0.0,0.0,0.0,1.0,1.0,-3.0
783,27.0,27.0,1.0,0.0078431372549019,0.0078431372549019,0.0078431372549019,1.0,2.0,2.0
